a[][]   
20375522289681379778333535905010 52297173876848874764389408822859 76747800624466530498389651908871 44826149037299035512333778991022 35317571968781058282444795568684 
65201671326980415290667314896032 42788596808330897534500425400521 76747800624466530498389651908871 86256377692984507728278635331209 84218825464016369750445281740708 
24450626747617655734000243086012 31242467510844782326778088387682 38034308274071908919555933689352 35996756045103770941722580098851 79464536929757381135500790029539 
47542885342589886149444917111690 73351880242852967202000729258036 65201671326980415290667314896032 6112656686904413933500060771503 6112656686904413933500060771503 
27167363052908506371111381206680 81502089158725519113334143620040 81502089158725519113334143620040 86256377692984507728278635331209 72672696166530254542722944727869 
16300417831745103822666828724008 5433472610581701274222276241336 63164119098012277312833961305531 40751044579362759556667071810020 78106168777111955816945220969205 
42788596808330897534500425400521 77426984700789243157667436439038 64522487250657702631389530365865 6791840763227126592777845301670 1358368152645425318555569060334 
29884099358199357008222519327348 61805750945366851994278392245197 35317571968781058282444795568684 44146964960976322853055994460855 41430228655685472215944856340187 
50938805724203449445833839762525 58409830563753288697889469594362 79464536929757381135500790029539 75389432471821105179834082848537 72672696166530254542722944727869 
41430228655685472215944856340187 52297173876848874764389408822859 63164119098012277312833961305531 33280019739812920304611441978183 44146964960976322853055994460855 
83539641387693657091167497210541 13583681526454253185555690603340 38034308274071908919555933689352 69276775784916691246334022077034 67918407632271265927778453016700 
76747800624466530498389651908871 71993512090207541883445160197702 65201671326980415290667314896032 65201671326980415290667314896032 21054706366004092437611320435177 
14942049679099678504111259663674 42788596808330897534500425400521 73351880242852967202000729258036 12904497450131540526277906073173 70635143937562116564889591137368 
84898009540339082409723066270875 80822905082402806454056359089873 47542885342589886149444917111690 36675940121426483601000364629018 30563283434522069667500303857515 
46863701266267173490167132581523 40751044579362759556667071810020 29884099358199357008222519327348 48222069418912598808722701641857 0 
59089014640076001357167254124529 56372278334785150720056116003861 19017154137035954459777966844676 34638387892458345623167011038517 8829392992195264570611198892171 
55013910182139725401500546943527 68597591708593978587056237546867 31242467510844782326778088387682 17658785984390529141222397784342 35317571968781058282444795568684 
15621233755422391163389044193841 35317571968781058282444795568684 40751044579362759556667071810020 73351880242852967202000729258036 16979601908067816481944613254175 
25129810823940368393278027616179 80143721006080093794778574559706 5433472610581701274222276241336 53655542029494300082944977883193 9508577068517977229888983422338 
18337970060713241800500182314509 56372278334785150720056116003861 55013910182139725401500546943527 67918407632271265927778453016700 39392676426717334238111502749686 
74031064319175679861278513788203 22413074518649517756166889495511 21733890442326805096889104965344 6791840763227126592777845301670 44146964960976322853055994460855 
52297173876848874764389408822859 29884099358199357008222519327348 80143721006080093794778574559706 21054706366004092437611320435177 80822905082402806454056359089873 
59089014640076001357167254124529 22413074518649517756166889495511 80143721006080093794778574559706 65201671326980415290667314896032 29884099358199357008222519327348 
66560039479625840609222883956366 50259621647880736786556055232358 34638387892458345623167011038517 9508577068517977229888983422338 73351880242852967202000729258036 
16979601908067816481944613254175 84218825464016369750445281740708 21733890442326805096889104965344 20375522289681379778333535905010 15621233755422391163389044193841 
56372278334785150720056116003861 25129810823940368393278027616179 72672696166530254542722944727869 48901253495235311468000486172024 79464536929757381135500790029539 
71314328013884829224167375667535 33280019739812920304611441978183 61126566869044139335000607715030 84218825464016369750445281740708 66560039479625840609222883956366 
22413074518649517756166889495511 8829392992195264570611198892171 41430228655685472215944856340187 27846547129231219030389165736847 61126566869044139335000607715030 
73351880242852967202000729258036 59089014640076001357167254124529 12225313373808827867000121543006 84218825464016369750445281740708 33280019739812920304611441978183 
52297173876848874764389408822859 33959203816135632963889226508350 63164119098012277312833961305531 46184517189944460830889348051356 29204915281876644348944734797181 
35317571968781058282444795568684 76068616548143817839111867378704 67239223555948553268500668486533 8150208915872551911333414362004 32600835663490207645333657448016 
33959203816135632963889226508350 28525731205553931689666950267014 50938805724203449445833839762525 34638387892458345623167011038517 22413074518649517756166889495511 
84218825464016369750445281740708 61126566869044139335000607715030 50259621647880736786556055232358 84218825464016369750445281740708 71993512090207541883445160197702 
37355124197749196260278149159185 33959203816135632963889226508350 67239223555948553268500668486533 31921651587167494986055872917849 38034308274071908919555933689352 
27167363052908506371111381206680 23771442671294943074722458555845 71993512090207541883445160197702 5433472610581701274222276241336 83539641387693657091167497210541 
18337970060713241800500182314509 55693094258462438060778331473694 48901253495235311468000486172024 4075104457936275955666707181002 81502089158725519113334143620040 
10187761144840689889166767952505 15621233755422391163389044193841 61805750945366851994278392245197 16979601908067816481944613254175 74031064319175679861278513788203 
6791840763227126592777845301670 11546129297486115207722337012839 50259621647880736786556055232358 4075104457936275955666707181002 30563283434522069667500303857515 
4754288534258988614944491711169 62484935021689564653556176775364 57730646487430576038611685064195 34638387892458345623167011038517 50938805724203449445833839762525 
14262865602776965844833475133507 60447382792721426675722823184863 26488178976585793711833596676513 70635143937562116564889591137368 46863701266267173490167132581523 
18337970060713241800500182314509 82181273235048231772611928150207 78785352853434668476223005499372 75389432471821105179834082848537 66560039479625840609222883956366 
70635143937562116564889591137368 24450626747617655734000243086012 38713492350394621578833718219519 40751044579362759556667071810020 12225313373808827867000121543006 
64522487250657702631389530365865 19017154137035954459777966844676 38034308274071908919555933689352 14262865602776965844833475133507 74710248395498392520556298318370 
33959203816135632963889226508350 54334726105817012742222762413360 82860457311370944431889712680374 55693094258462438060778331473694 78106168777111955816945220969205 
46863701266267173490167132581523 25808994900263081052555812146346 57051462411107863379333900534028 20375522289681379778333535905010 33959203816135632963889226508350 
26488178976585793711833596676513 71993512090207541883445160197702 44146964960976322853055994460855 26488178976585793711833596676513 44826149037299035512333778991022 
52297173876848874764389408822859 46863701266267173490167132581523 43467780884653610193778209930688 62484935021689564653556176775364 74031064319175679861278513788203 
66560039479625840609222883956366 34638387892458345623167011038517 58409830563753288697889469594362 61805750945366851994278392245197 49580437571558024127278270702191 
64522487250657702631389530365865 82181273235048231772611928150207 74031064319175679861278513788203 45505333113621748171611563521189 0 
34638387892458345623167011038517 12225313373808827867000121543006 59768198716398714016445038654696 80822905082402806454056359089873 3395920381613563296388922650835 
10187761144840689889166767952505 69276775784916691246334022077034 40071860503040046897389287279853 9508577068517977229888983422338 78785352853434668476223005499372 
43467780884653610193778209930688 85577193616661795069000850801042 24450626747617655734000243086012 83539641387693657091167497210541 82181273235048231772611928150207 
35317571968781058282444795568684 49580437571558024127278270702191 24450626747617655734000243086012 57730646487430576038611685064195 5433472610581701274222276241336 
29204915281876644348944734797181 67239223555948553268500668486533 50938805724203449445833839762525 59089014640076001357167254124529 85577193616661795069000850801042 
34638387892458345623167011038517 6112656686904413933500060771503 67918407632271265927778453016700 78785352853434668476223005499372 679184076322712659277784530167 
29204915281876644348944734797181 43467780884653610193778209930688 44146964960976322853055994460855 46184517189944460830889348051356 25808994900263081052555812146346 
52297173876848874764389408822859 37355124197749196260278149159185 58409830563753288697889469594362 6791840763227126592777845301670 39392676426717334238111502749686 
19017154137035954459777966844676 21733890442326805096889104965344 55013910182139725401500546943527 62484935021689564653556176775364 63843303174334989972111745835698 
69955959861239403905611806607201 59089014640076001357167254124529 29204915281876644348944734797181 71993512090207541883445160197702 66560039479625840609222883956366 
19696338213358667119055751374843 51617989800526162105111624292692 6112656686904413933500060771503 65880855403303127949945099426199 8150208915872551911333414362004 
25129810823940368393278027616179 76068616548143817839111867378704 51617989800526162105111624292692 55693094258462438060778331473694 0 
18337970060713241800500182314509 59089014640076001357167254124529 42109412732008184875222640870354 54334726105817012742222762413360 35317571968781058282444795568684 
1358368152645425318555569060334 27846547129231219030389165736847 25808994900263081052555812146346 75389432471821105179834082848537 45505333113621748171611563521189 
45505333113621748171611563521189 6791840763227126592777845301670 16300417831745103822666828724008 25129810823940368393278027616179 16979601908067816481944613254175 
51617989800526162105111624292692 25808994900263081052555812146346 28525731205553931689666950267014 49580437571558024127278270702191 85577193616661795069000850801042 
27846547129231219030389165736847 76747800624466530498389651908871 33959203816135632963889226508350 61805750945366851994278392245197 30563283434522069667500303857515 
52297173876848874764389408822859 77426984700789243157667436439038 35996756045103770941722580098851 4754288534258988614944491711169 61805750945366851994278392245197 
56372278334785150720056116003861 76747800624466530498389651908871 29204915281876644348944734797181 25129810823940368393278027616179 34638387892458345623167011038517 
55013910182139725401500546943527 32600835663490207645333657448016 79464536929757381135500790029539 84218825464016369750445281740708 12225313373808827867000121543006 
7471024839549839252055629831837 49580437571558024127278270702191 71993512090207541883445160197702 72672696166530254542722944727869 17658785984390529141222397784342 
25808994900263081052555812146346 72672696166530254542722944727869 50259621647880736786556055232358 38713492350394621578833718219519 85577193616661795069000850801042 
11546129297486115207722337012839 20375522289681379778333535905010 47542885342589886149444917111690 76068616548143817839111867378704 62484935021689564653556176775364 
79464536929757381135500790029539 47542885342589886149444917111690 74031064319175679861278513788203 27846547129231219030389165736847 35996756045103770941722580098851 
12225313373808827867000121543006 13583681526454253185555690603340 79464536929757381135500790029539 18337970060713241800500182314509 12225313373808827867000121543006 
22413074518649517756166889495511 43467780884653610193778209930688 59768198716398714016445038654696 55693094258462438060778331473694 68597591708593978587056237546867 
26488178976585793711833596676513 57730646487430576038611685064195 50938805724203449445833839762525 23771442671294943074722458555845 65201671326980415290667314896032 
26488178976585793711833596676513 6791840763227126592777845301670 75389432471821105179834082848537 29884099358199357008222519327348 43467780884653610193778209930688 
17658785984390529141222397784342 71993512090207541883445160197702 84898009540339082409723066270875 20375522289681379778333535905010 75389432471821105179834082848537 
60447382792721426675722823184863 68597591708593978587056237546867 30563283434522069667500303857515 15621233755422391163389044193841 7471024839549839252055629831837 
33280019739812920304611441978183 40751044579362759556667071810020 2037552228968137977833353590501 18337970060713241800500182314509 31242467510844782326778088387682 
11546129297486115207722337012839 29884099358199357008222519327348 29884099358199357008222519327348 38713492350394621578833718219519 46184517189944460830889348051356 
24450626747617655734000243086012 2716736305290850637111138120668 1358368152645425318555569060334 29884099358199357008222519327348 71993512090207541883445160197702 
50938805724203449445833839762525 35317571968781058282444795568684 5433472610581701274222276241336 10187761144840689889166767952505 10866945221163402548444552482672 
38713492350394621578833718219519 82181273235048231772611928150207 21733890442326805096889104965344 52297173876848874764389408822859 44146964960976322853055994460855 
70635143937562116564889591137368 52976357953171587423667193353026 48901253495235311468000486172024 6112656686904413933500060771503 35317571968781058282444795568684 
57051462411107863379333900534028 1358368152645425318555569060334 58409830563753288697889469594362 20375522289681379778333535905010 59089014640076001357167254124529 
45505333113621748171611563521189 11546129297486115207722337012839 18337970060713241800500182314509 55013910182139725401500546943527 10866945221163402548444552482672 
16979601908067816481944613254175 8829392992195264570611198892171 57051462411107863379333900534028 65880855403303127949945099426199 65880855403303127949945099426199 
6791840763227126592777845301670 8150208915872551911333414362004 59089014640076001357167254124529 67239223555948553268500668486533 59768198716398714016445038654696 
23092258594972230415444674025678 65880855403303127949945099426199 30563283434522069667500303857515 47542885342589886149444917111690 8150208915872551911333414362004 
65880855403303127949945099426199 32600835663490207645333657448016 82860457311370944431889712680374 71314328013884829224167375667535 59768198716398714016445038654696 
25808994900263081052555812146346 56372278334785150720056116003861 64522487250657702631389530365865 26488178976585793711833596676513 47542885342589886149444917111690 
47542885342589886149444917111690 38713492350394621578833718219519 55013910182139725401500546943527 12225313373808827867000121543006 38034308274071908919555933689352 
76747800624466530498389651908871 13583681526454253185555690603340 22413074518649517756166889495511 59089014640076001357167254124529 30563283434522069667500303857515 
19696338213358667119055751374843 27846547129231219030389165736847 58409830563753288697889469594362 37355124197749196260278149159185 20375522289681379778333535905010 
5433472610581701274222276241336 50259621647880736786556055232358 81502089158725519113334143620040 27846547129231219030389165736847 53655542029494300082944977883193 
73351880242852967202000729258036 66560039479625840609222883956366 69955959861239403905611806607201 27167363052908506371111381206680 3395920381613563296388922650835 
37355124197749196260278149159185 59768198716398714016445038654696 77426984700789243157667436439038 69276775784916691246334022077034 38034308274071908919555933689352 
78106168777111955816945220969205 67918407632271265927778453016700 9508577068517977229888983422338 51617989800526162105111624292692 25129810823940368393278027616179 
47542885342589886149444917111690 65201671326980415290667314896032 3395920381613563296388922650835 41430228655685472215944856340187 62484935021689564653556176775364 
****
b 
11936827453616514368482284936892463885256600405921973848888195453   
17236599862110548977575030295317224003419953269995767480667244174   
10114266674962155351986033138551770419605681512549569086948892814   
9984182610274600494316596791517582731093011523197248597120900816   
18398130624107935969105671152877807690210389557900529665130793776   
9602694945393012312427859702874769899887415490593103135197814813   
9923292197016596092854307437586686366257293655840843282187693168   
11088974578099756111757377114733467532468347071065360343625518971   
16818670207476064222083862456973344408411162453140440047782429440   
11572407556087548632457977439881796247224652563410154150815928043   
12295250568021585731635306361167512941903212397860814315264610606   
15038548201698496152061327481069336287948774194592196543697778089   
10476841408452999742511483382413016955672910631808164443833484168   
13655136464117017364293101932290865089900911435487199831848730178   
8486370702329598285619221547475003211232587922392338873929980133   
8890461626678172949868959987198224541505988314848483327256466897   
10203295839801510272305895603011338589403359909517646564752889491   
9968037424941038721201595826460148088901722694731535064681779801   
9999405213589101594682169130000306822301940990036349972531379853   
12707183439532176114255188126775773955526667364143162441512856183   
6971029736022443294682702398512923222707336450681797353783332968   
11991721083750624397073288218087741668706982422705399902338402444   
12320621573545754232244593591972053093918094842592649847668642701   
10573712520454370381201489172757624808820643602602445622429176358   
8995635976851089643303823416715227353494955540282274305143803489   
13109890490852159769380783626636929459326528714159388560443483880   
15192619398881628501215908119045998302002787586236434266397819415   
7474759518429570615870732508304884059075547898812059554861237356   
13250122957749382027293934865992933208645151681404443212558193736   
10867554893525194651894506736802935296702100280678431922555963551   
11118035911700167303364378851836849888412666962303644701056259178   
8385347971242454619556786937544197878664237824278302772876733942   
17121277109727964883896451973478405130625033066669242231528549524   
10099044071647654251620460800069046328396752045710467752579257677   
9597620744288178612306002256713861869484439001646736022412481534   
10170544178124856389701179359609114029529602571772913378729650772   
8388577008309166974179787130555684807102495589971445515476937065   
4871233060640352116983148314471709186857429388512425896066156540   
11254578050521146870279815584894011433801852483042250580544896322   
11975114607407532287583572939742951751024513913426380229003679640   
17124967437804207574894166479777247334554470513175691063105052636   
8587393433416741951681656157405808543800938020506375007734304624   
8966113352241148115322107366324489722059455968230683873022161293   
15211993621281902628953909277114919872632334180395290497743966853   
8479451337186643239998506848164674078864892710192747377818587798   
11127723022900304367233379430871310673727440259383072824616436747   
13645910643926410636798815666543759580077317819221077805540194798   
12922145049973312864872058118683332334416398623143805446758290357   
13674510686517291492031103090359786660530458029646056105015628516   
9818117846843679399419444008069683554268326430407052277223632076   
10625377113521768055169492260941415663832767853692728925015629726   
16667366756350113891177567698720814047304227146376038918273330948   
9277484783674125168254268835289300678605740517212302009250173968   
14921841576287321049258606219368451588680314948825753028697495072   
9564407791601994393326571700024282034119501983088696774201974926   
9759072597623796343456011907288208291397327286303871346234685984   
8852635763896685367142386297635091951229254488157383049452958799   
11122648821795470667111521984710402643324463770436705714507050768   
14579102356206281122845871446863481898733812104539319994724459045   
8689338746522946290493519393911324427351647480247023288419779893   
11658668974869721534529554024617232764075252875498395027405669786   
11264265161721283934148816163928472219116625780121678684968801391   
9646978882307924604400433778460876347040664848670488847448298157   
4838942689973228570753146384356839902474851731580998840569938410   
11208910240577643569183098569445839160175064082524946605910576311   
12589092941092410002328323925212823429784669075936800573164978799   
11229668336006508706045242667376826557278149719123721122125336816   
11117574620690636966989664538549494612921487281490338638399292089   
13281490746397444900774508169533091942045369976709258068007042888   
12135643878724089345984153963742587621955042836456903363737472612   
13886704550901246224399687202543213386473111203766862490517474656   
11237971574178054760790100306549221516119383973763230941754779718   
12238973064858884693920160140110169331979291338637469979292663148   
6678109944970679696739113461042323285808239134232423256137702353   
12659209174541021131284899544890825304443980559559327926652001827   
11187229563129717759571525844940141212089619084299559867971307028   
8471148099015097185253649208992279120023658455553237581091987696   
13689733289831792592396675428842510751739387496485157439277305953   
9053758644051912026517826890921992065383595322758843049098859903   
6203902787173493903532799401641100080875527258153751501999158361   
8040763587123293347645194911889807086753016256738645405020532359   
5803963481910692266655489781504076230022743993017361984783347298   
5187217402168632533662452916310072898315510745627105036591767105   
12665667248674445840530899930913799161320496090945613332577714673   
9766914544785812061826155233173247974747381860130075059024954797   
8278789748040946916997780568165129240201731556404593484045791883   
6842790835373009782512123304628156636159385184582701283982349026   
10602773854054781572808490909861007164764963493840729964713522265   
10181153871344054126319608565218285365826735230478953710715929719   
9759533888633326679830726220575563566888506967117177479151100873   
14939831925659004167872464437575307332836322500544690953600356343   
11159552102557897577088667047698824682618838235501193811588457088   
8918139087249993132351818784439541070976769163646849390525950237   
9172310433501208474819405405772297866616773291778510954384873376   
8353057600575331073326785007429328594281660167346875720603999412   
11292403913302634453006389274457144024078586309733350879613029120   
11722788425194438290614843571559616057349228508547943055023246557   
14592479795482660877712586532196784887978022848125196923317713826   
11492142920429270103257686927881978311759388101894892564900245557   
11027161582822691037545659134227860616650269842082342853462833445   
****
